SM:2024-06-19T21:53:54.4941932Z
LM:2024-06-19T21:53:56.7780641Z
CT:image/jpeg
MA:604800
CL:31579
