SM:2024-06-15T12:47:33.2417146Z
LM:2024-06-15T12:47:34.1583302Z
CT:image/webp
MA:604800
CL:5654
