SM:2024-06-19T21:53:54.6770611Z
LM:2024-06-19T21:53:58.6707941Z
CT:image/jpeg
MA:604800
CL:44626
