SM:2024-06-19T21:53:54.5326146Z
LM:2024-06-19T21:53:56.3535730Z
CT:image/jpeg
MA:604800
CL:36744
