SM:2024-06-19T21:53:54.3877895Z
LM:2024-06-19T21:53:55.7787960Z
CT:image/jpeg
MA:604800
CL:25454
