SM:2024-06-18T16:27:00.9724187Z
LM:2024-06-18T16:27:02.0905746Z
CT:image/jpeg
MA:604800
CL:23107
