SM:2024-06-19T21:53:54.5664844Z
LM:2024-06-19T21:53:56.7365218Z
CT:image/jpeg
MA:604800
CL:37591
