SM:2024-06-18T16:27:01.0231352Z
LM:2024-06-18T16:27:02.1127773Z
CT:image/jpeg
MA:604800
CL:26450
