SM:2024-06-23T21:00:04.5203373Z
LM:2024-06-23T21:00:07.2511492Z
CT:image/jpeg
MA:604800
CL:17919
