SM:2024-06-16T21:39:02.6291682Z
LM:2024-06-16T21:39:04.6247385Z
CT:image/jpeg
MA:604800
CL:37367
