SM:2024-06-19T21:53:54.6252431Z
LM:2024-06-19T21:53:59.0579166Z
CT:image/jpeg
MA:604800
CL:27713
