SM:2024-06-19T21:53:54.7212732Z
LM:2024-06-19T21:53:59.0688285Z
CT:image/jpeg
MA:604800
CL:35017
