SM:2024-06-18T16:27:01.2271660Z
LM:2024-06-18T16:27:02.1035417Z
CT:image/jpeg
MA:604800
CL:29132
