SM:2024-06-18T16:27:01.0861252Z
LM:2024-06-18T16:27:01.9696462Z
CT:image/jpeg
MA:604800
CL:36736
