SM:2024-06-20T14:29:51.1446766Z
LM:2024-06-20T14:29:52.8991567Z
CT:image/png
MA:604800
CL:5759
