SM:2024-06-15T12:25:35.9499755Z
LM:2024-06-15T12:25:36.4820451Z
CT:image/jpeg
MA:604800
CL:45085
