SM:2024-06-19T20:32:37.5433402Z
LM:2024-06-19T20:32:38.2400818Z
CT:image/png
MA:604800
CL:31824
