SM:2024-06-09T08:19:42.1815692Z
LM:2024-06-09T08:19:43.6118088Z
CT:image/jpeg
MA:604800
CL:26766
