SM:2024-06-19T21:53:54.0746335Z
LM:2024-06-19T21:53:55.6759943Z
CT:image/jpeg
MA:604800
CL:23107
