SM:2024-06-18T16:27:00.3268491Z
LM:2024-06-18T16:27:01.9977083Z
CT:image/jpeg
MA:604800
CL:37367
