SM:2024-06-15T12:24:49.7689686Z
LM:2024-06-15T12:24:51.0829685Z
CT:image/webp
MA:604800
CL:7866
