SM:2024-06-16T21:39:02.7232164Z
LM:2024-06-16T21:39:04.6246768Z
CT:image/jpeg
MA:604800
CL:33070
