SM:2024-06-16T21:39:02.8112837Z
LM:2024-06-16T21:39:04.6245471Z
CT:image/jpeg
MA:604800
CL:37591
