SM:2024-06-19T21:53:54.8160779Z
LM:2024-06-19T21:53:59.4092837Z
CT:image/jpeg
MA:604800
CL:21584
