SM:2024-06-16T21:39:01.5260801Z
LM:2024-06-16T21:39:04.6245472Z
CT:image/jpeg
MA:604800
CL:36736
