SM:2024-06-19T21:53:54.2849084Z
LM:2024-06-19T21:53:55.7790461Z
CT:image/jpeg
MA:604800
CL:25725
