SM:2024-06-15T11:05:32.8315990Z
LM:2024-06-15T11:05:34.2499952Z
CT:image/png
MA:604800
CL:18386
