SM:2024-06-19T21:53:54.3247195Z
LM:2024-06-19T21:53:55.7785630Z
CT:image/jpeg
MA:604800
CL:34359
