SM:2024-06-09T08:10:50.4458758Z
LM:2024-06-09T08:10:50.9868623Z
CT:image/png
MA:604800
CL:339257
