SM:2024-06-19T21:53:54.8482564Z
LM:2024-06-19T21:53:59.2046505Z
CT:image/jpeg
MA:604800
CL:28361
