SM:2024-06-19T21:53:54.9023762Z
LM:2024-06-19T21:53:59.4295696Z
CT:image/jpeg
MA:604800
CL:39963
