SM:2024-06-18T16:27:01.3364891Z
LM:2024-06-18T16:27:02.0267259Z
CT:image/jpeg
MA:604800
CL:32854
