SM:2024-06-20T14:29:51.4310490Z
LM:2024-06-20T14:29:52.8569220Z
CT:image/jpeg
MA:604800
CL:10789
