SM:2024-06-19T21:53:54.7798123Z
LM:2024-06-19T21:53:59.3866823Z
CT:image/jpeg
MA:604800
CL:29955
