SM:2024-06-19T21:53:54.4492862Z
LM:2024-06-19T21:53:56.6460267Z
CT:image/jpeg
MA:604800
CL:31586
